30
0 145 129 226 277 409 146 401 289 392 138 429 313 172 452 424 469 162 108 150 403 484 452 58 224 454 345 231 357 162 
145 0 378 481 323 309 221 400 148 494 426 99 356 418 430 370 252 173 78 423 362 405 493 385 251 368 358 288 66 75 
129 378 0 258 197 358 398 349 159 116 317 387 471 118 463 420 150 346 315 135 484 333 446 259 492 282 468 142 494 443 
226 481 258 0 362 421 299 369 207 331 407 116 258 387 477 285 137 187 457 356 84 50 123 442 59 350 470 208 155 415 
277 323 197 362 0 188 368 106 272 98 432 399 296 55 352 283 60 261 277 316 404 348 190 455 470 55 201 160 418 336 
409 309 358 421 188 0 234 348 272 472 382 243 132 458 99 411 176 345 350 326 372 279 363 114 378 75 473 121 376 386 
146 221 398 299 368 234 0 203 138 251 169 295 81 241 427 160 60 175 458 407 357 251 475 81 177 239 482 458 261 391 
401 400 349 369 106 348 203 0 192 171 404 197 144 352 425 496 307 414 189 476 469 93 322 203 84 353 222 304 375 264 
289 148 159 207 272 272 138 192 0 349 121 216 296 75 243 217 270 210 103 357 82 184 268 279 225 222 202 238 155 194 
392 494 116 331 98 472 251 171 349 0 139 436 472 427 174 135 115 402 210 137 313 337 210 425 386 448 387 246 451 206 
138 426 317 407 432 382 169 404 121 139 0 405 429 414 273 450 176 66 57 371 407 484 167 408 248 497 270 290 99 402 
429 99 387 116 399 243 295 197 216 436 405 0 411 364 322 190 127 130 124 69 283 206 132 92 270 134 113 349 96 136 
313 356 471 258 296 132 81 144 296 472 429 411 0 224 61 244 393 126 227 161 61 243 262 197 487 198 251 293 184 288 
172 418 118 387 55 458 241 352 75 427 414 364 224 0 281 495 308 261 208 346 435 326 145 499 497 321 53 330 115 282 
452 430 463 477 352 99 427 425 243 174 273 322 61 281 0 74 464 221 463 472 217 105 169 356 254 364 73 470 464 55 
424 370 420 285 283 411 160 496 217 135 450 190 244 495 74 0 209 161 87 417 398 262 481 411 103 463 427 348 442 365 
469 252 150 137 60 176 60 307 270 115 176 127 393 308 464 209 0 397 51 262 225 248 290 177 121 325 400 117 475 281 
162 173 346 187 261 345 175 414 210 402 66 130 126 261 221 161 397 0 400 167 388 181 438 217 213 445 469 86 413 280 
108 78 315 457 277 350 458 189 103 210 57 124 227 208 463 87 51 400 0 296 473 350 385 341 356 412 115 133 442 341 
150 423 135 356 316 326 407 476 357 137 371 69 161 346 472 417 262 167 296 0 142 63 240 79 163 496 215 85 196 275 
403 362 484 84 404 372 357 469 82 313 407 283 61 435 217 398 225 388 473 142 0 491 197 240 60 278 78 326 398 261 
484 405 333 50 348 279 251 93 184 337 484 206 243 326 105 262 248 181 350 63 491 0 389 413 171 469 443 385 372 287 
452 493 446 123 190 363 475 322 268 210 167 132 262 145 169 481 290 438 385 240 197 389 0 424 89 462 197 338 226 186 
58 385 259 442 455 114 81 203 279 425 408 92 197 499 356 411 177 217 341 79 240 413 424 0 290 469 338 453 256 390 
224 251 492 59 470 378 177 84 225 386 248 270 487 497 254 103 121 213 356 163 60 171 89 290 0 85 293 479 123 350 
454 368 282 350 55 75 239 353 222 448 497 134 198 321 364 463 325 445 412 496 278 469 462 469 85 0 87 474 179 312 
345 358 468 470 201 473 482 222 202 387 270 113 251 53 73 427 400 469 115 215 78 443 197 338 293 87 0 498 54 84 
231 288 142 208 160 121 458 304 238 246 290 349 293 330 470 348 117 86 133 85 326 385 338 453 479 474 498 0 455 143 
357 66 494 155 418 376 261 375 155 451 99 96 184 115 464 442 475 413 442 196 398 372 226 256 123 179 54 455 0 53 
162 75 443 415 336 386 391 264 194 206 402 136 288 282 55 365 281 280 341 275 261 287 186 390 350 312 84 143 53 0 
