300
0 139 473 409 314 461 284 403 209 152 259 289 488 314 263 303 369 70 400 199 460 217 118 50 120 327 371 151 368 277 223 170 86 133 352 230 470 167 285 104 348 286 55 341 432 123 418 439 493 221 394 281 328 389 389 324 165 385 393 61 273 93 451 134 274 397 468 194 161 181 230 156 451 453 245 147 291 135 347 74 139 193 87 479 378 98 421 204 359 441 194 484 273 386 488 454 61 325 428 384 335 106 489 59 111 417 108 451 152 68 315 472 64 354 469 102 194 356 157 210 194 477 419 184 424 139 355 163 487 359 108 234 444 402 335 369 434 128 56 491 326 422 101 66 199 194 102 105 403 421 283 75 218 166 101 144 348 260 326 407 294 60 152 174 241 471 109 285 350 498 242 459 239 100 392 470 471 166 399 229 297 489 265 302 364 103 142 379 338 430 314 116 392 279 328 319 72 121 242 141 138 294 149 110 111 94 325 261 151 456 425 429 494 66 312 156 356 294 245 382 337 457 400 135 333 378 185 99 377 270 65 220 153 306 269 314 56 456 476 218 141 129 418 60 156 129 147 204 364 150 137 68 467 188 386 194 363 474 445 141 225 157 430 471 463 367 345 192 81 462 487 86 235 440 235 124 424 61 400 308 185 373 310 98 458 209 491 300 194 93 98 308 296 496 191 55 228 332 472 228 
139 0 142 102 216 306 245 463 422 238 241 436 275 249 202 482 344 243 132 276 307 93 352 126 114 426 87 77 262 495 66 499 208 474 491 307 341 349 196 294 461 348 339 187 411 382 117 492 140 214 447 493 249 365 192 128 318 445 283 179 106 229 374 101 186 255 162 174 473 61 473 459 420 328 383 52 77 336 244 90 407 483 322 124 198 327 67 401 225 266 194 161 346 430 398 190 54 184 245 313 170 423 326 358 362 221 150 128 224 289 352 426 223 387 377 253 444 242 178 112 458 269 90 450 353 374 428 231 451 323 73 115 292 79 496 192 483 209 356 434 405 125 355 261 231 342 89 417 246 79 335 497 133 110 401 291 146 475 452 204 144 460 450 161 90 247 111 149 458 122 209 178 489 259 189 348 227 494 242 239 408 259 374 246 138 406 131 451 224 164 272 448 368 76 57 385 121 177 161 486 466 215 142 334 175 201 98 155 470 64 111 496 415 459 353 201 188 71 122 64 220 462 206 300 158 385 399 156 355 260 390 380 328 476 140 83 379 439 184 326 452 420 363 250 439 270 70 207 335 245 76 402 165 139 223 70 363 409 484 278 142 436 236 345 123 333 69 370 248 270 122 221 494 406 68 251 114 345 363 96 192 448 184 409 492 125 436 419 165 331 266 298 419 269 224 432 186 461 366 184 
473 142 0 461 293 340 75 381 498 50 221 194 143 345 102 50 412 180 72 355 127 377 470 91 160 89 443 230 265 356 260 412 150 86 306 436 73 376 462 406 468 261 468 211 478 444 352 192 325 440 170 360 280 75 275 395 197 144 451 193 205 127 483 130 67 429 136 481 396 314 246 387 138 297 118 277 395 284 99 183 390 312 50 334 399 286 225 85 372 120 178 187 109 88 254 414 276 399 92 431 247 355 201 74 127 267 285 217 176 348 269 169 295 387 460 451 135 417 201 221 80 142 285 111 380 361 325 448 244 93 490 429 231 464 217 120 493 311 193 167 175 151 414 377 349 62 344 293 231 460 266 270 487 366 160 333 51 303 234 194 55 253 251 397 408 456 77 71 479 232 210 200 279 158 101 381 210 360 441 365 228 53 458 188 430 161 251 182 150 222 356 66 295 302 381 358 456 197 157 460 113 71 334 247 281 316 472 412 79 374 99 495 308 435 177 222 268 197 469 276 134 69 386 192 122 268 324 194 122 178 149 102 248 227 106 264 490 337 431 168 403 128 498 454 67 327 434 129 405 113 356 192 266 217 488 335 130 255 423 381 159 165 134 225 350 355 495 430 56 148 211 496 454 495 159 485 396 297 337 319 110 193 142 262 97 435 348 51 65 270 198 313 203 265 126 57 60 222 218 333 
409 102 461 0 374 163 121 303 210 69 238 246 327 222 428 340 69 56 461 242 459 64 309 397 255 172 257 122 369 163 468 338 372 263 304 270 496 323 113 399 213 58 328 136 61 398 227 230 335 288 370 404 234 385 291 424 383 319 336 320 195 135 416 426 289 108 497 235 236 236 328 115 288 254 430 254 488 381 489 178 74 158 433 338 67 465 436 139 60 258 68 469 354 276 237 136 258 359 196 118 464 477 195 435 397 78 431 132 170 180 63 68 212 460 483 246 256 105 188 156 468 260 448 87 371 251 166 65 477 60 121 376 170 239 441 335 364 284 351 460 293 57 447 147 387 89 77 391 487 342 375 430 151 51 71 140 141 469 264 195 352 373 139 296 472 354 191 423 481 266 57 108 282 77 470 293 55 342 176 150 488 417 52 137 89 490 446 384 54 484 462 214 329 479 420 411 76 438 73 198 452 137 83 372 137 473 344 376 452 86 441 229 479 356 398 287 138 292 232 222 89 310 271 341 430 201 448 247 144 397 174 425 285 80 198 195 350 135 315 61 218 425 262 242 151 192 82 293 462 123 103 304 64 211 136 422 164 124 87 492 284 470 450 310 382 262 100 212 351 169 124 357 101 281 344 150 338 371 265 259 266 472 334 270 207 455 83 380 248 124 151 295 189 249 277 405 468 305 70 259 
314 216 293 374 0 83 414 55 148 418 216 93 280 291 171 380 299 465 320 148 453 140 88 313 432 102 120 447 277 349 385 463 124 331 79 462 478 491 285 192 470 412 407 369 296 299 284 151 327 341 456 141 164 410 313 113 141 59 276 294 149 245 383 287 322 101 308 296 179 276 355 429 55 241 159 426 93 451 98 353 100 312 238 436 329 96 339 397 386 53 89 362 101 440 417 187 162 140 239 52 471 440 80 55 268 287 420 68 329 92 74 138 226 366 322 86 165 66 393 132 189 442 282 369 438 168 265 120 343 229 286 391 201 207 88 495 488 274 137 197 304 429 493 101 306 326 184 217 238 436 154 382 186 198 481 434 277 76 261 257 271 70 51 494 462 378 94 406 273 464 64 146 299 444 191 358 124 58 453 393 288 441 353 94 453 459 115 175 162 176 361 373 268 225 125 308 177 341 247 459 425 379 390 268 222 406 323 57 418 165 126 211 382 239 108 233 267 363 498 223 347 95 301 172 346 275 245 428 146 327 233 357 454 365 490 125 426 443 64 357 309 149 171 199 172 50 491 424 312 479 418 261 467 300 209 105 164 418 442 129 347 57 93 222 171 439 442 131 159 459 90 389 79 493 458 98 330 280 144 264 102 272 263 84 402 377 449 227 178 484 178 438 385 293 384 187 225 293 494 119 
461 306 340 163 83 0 231 376 385 90 383 72 187 216 198 358 468 464 413 453 476 216 132 371 415 324 99 407 171 420 451 350 85 351 223 413 439 298 167 248 439 198 67 443 455 314 68 452 269 219 436 340 145 154 446 185 291 201 448 291 269 245 238 148 163 326 321 482 315 324 331 236 145 445 461 189 264 233 92 99 166 396 374 222 128 213 398 145 265 104 341 189 463 441 94 107 496 244 58 255 71 315 342 258 426 92 436 461 418 167 191 75 492 166 336 197 347 186 405 398 113 458 52 200 230 392 101 144 286 173 146 477 372 339 308 117 153 195 153 61 135 407 407 177 468 498 286 432 288 294 269 154 91 330 446 247 496 194 387 183 283 262 255 367 176 72 300 152 68 456 160 195 286 486 132 169 327 352 50 260 385 406 205 148 119 221 243 236 191 368 178 115 288 287 363 396 210 187 309 342 372 287 335 89 235 484 189 272 418 238 208 106 104 364 184 133 352 174 190 227 302 104 218 203 133 102 470 204 397 68 283 179 318 159 493 221 300 293 461 139 56 254 466 460 314 274 216 447 406 392 71 304 356 160 268 63 499 88 353 235 96 175 380 433 375 295 389 241 199 231 344 330 472 165 467 452 176 424 71 367 52 258 145 495 177 413 213 177 382 175 176 102 112 333 346 488 228 55 171 151 
284 245 75 121 414 231 0 79 181 184 185 361 55 127 447 255 317 330 215 365 240 151 391 336 218 96 446 496 114 456 485 391 228 203 360 216 148 135 137 351 449 151 393 324 454 353 73 459 103 97 366 362 372 431 168 343 171 295 481 204 454 220 204 54 177 490 454 215 224 325 84 204 319 384 395 479 214 282 274 444 345 111 325 315 56 258 347 308 298 259 163 496 328 139 220 149 389 351 401 406 208 97 459 78 76 108 176 435 61 387 174 456 194 146 452 328 210 159 406 476 205 219 466 244 427 169 269 260 419 467 305 137 225 95 390 353 115 481 65 372 281 190 410 231 221 191 308 261 83 77 105 296 299 174 253 326 342 217 289 194 339 219 245 148 404 177 432 204 325 258 446 351 427 62 181 100 449 452 329 180 114 72 427 346 443 256 206 395 489 221 94 148 287 188 400 199 473 149 403 339 254 294 371 435 305 407 485 495 70 84 67 193 341 231 103 241 401 158 161 143 433 233 391 262 145 270 475 214 166 222 195 181 336 308 220 112 342 312 308 359 349 257 195 83 359 432 477 355 459 158 219 454 193 253 451 449 392 208 433 283 206 184 231 239 256 73 181 144 315 327 435 375 366 106 422 122 381 461 67 102 437 138 128 286 491 236 321 195 63 330 137 293 380 471 396 181 337 437 257 185 
403 463 381 303 55 376 79 0 64 189 70 130 482 202 195 352 258 158 495 147 423 239 374 312 270 149 189 364 92 333 419 214 464 455 215 313 66 191 355 384 381 342 354 110 477 290 291 170 245 450 410 332 196 441 50 403 252 202 427 197 289 288 456 287 247 267 377 274 476 90 114 162 213 91 380 346 303 128 381 196 159 252 200 211 71 346 327 336 87 331 89 496 261 105 192 82 385 331 128 361 263 159 410 363 287 240 62 286 426 171 461 379 487 232 365 402 352 413 224 387 380 195 168 53 97 354 362 391 281 275 496 269 313 91 456 287 391 292 491 438 188 493 124 233 162 164 335 332 339 102 409 476 347 160 259 192 273 245 202 268 76 62 414 59 102 467 494 110 355 122 459 241 303 173 331 351 372 239 140 244 298 418 254 52 147 309 151 64 227 76 345 457 406 313 278 319 314 256 84 269 462 472 142 75 279 156 372 119 462 202 458 336 349 424 488 175 224 78 403 414 233 293 459 166 310 430 147 79 305 460 149 198 338 208 112 434 260 310 123 285 352 215 282 106 352 196 180 367 167 178 337 468 427 350 426 53 302 189 482 451 107 103 231 121 350 495 75 339 452 489 373 390 168 365 189 112 144 325 410 493 138 98 492 226 432 52 343 381 488 233 424 89 224 364 169 281 88 170 220 73 
209 422 498 210 148 385 181 64 0 356 179 105 103 165 106 408 243 258 70 323 124 394 250 390 87 223 352 55 150 366 496 255 108 376 87 305 150 494 75 112 61 488 72 309 306 369 481 251 157 351 172 202 403 392 172 461 321 289 275 165 280 335 263 159 151 191 290 406 256 448 345 53 344 480 91 441 200 450 59 400 428 263 303 433 250 472 442 307 190 392 87 364 100 103 157 173 365 272 393 109 467 371 408 377 70 242 280 263 341 336 442 225 358 395 261 93 180 313 144 326 75 104 232 461 359 114 127 234 484 295 493 195 201 106 456 147 435 399 134 123 196 247 93 109 230 389 281 69 152 253 129 165 353 410 241 443 63 278 375 477 356 405 60 146 487 399 481 378 263 206 117 422 479 155 421 386 322 280 214 320 383 137 269 205 213 432 447 183 362 101 374 249 237 74 65 273 369 442 485 197 456 89 148 386 362 364 310 156 172 493 102 448 172 181 121 321 271 299 271 468 253 477 215 117 299 146 481 491 499 329 66 398 196 83 416 396 182 195 79 182 214 326 220 188 343 111 346 58 239 202 99 336 144 260 78 229 420 423 122 276 157 400 462 210 341 328 443 111 169 279 382 447 141 84 131 229 104 227 144 460 438 433 143 104 455 307 109 314 314 197 284 55 73 465 99 206 146 290 310 58 
152 238 50 69 418 90 184 189 356 0 361 308 200 141 472 418 161 74 60 215 204 486 416 234 414 462 362 249 399 255 113 394 299 496 219 348 407 308 204 134 105 413 354 445 184 129 378 234 151 304 59 159 448 142 420 168 101 273 465 438 146 79 63 357 211 172 374 487 244 201 75 471 323 179 111 356 188 216 413 57 265 381 389 376 185 53 254 122 286 379 448 279 297 387 371 134 405 64 326 362 109 277 435 226 118 180 314 168 333 394 419 89 413 405 134 70 236 185 363 125 346 214 73 127 437 333 197 225 450 446 219 201 470 132 249 280 57 287 52 462 242 82 260 68 191 206 52 330 349 339 233 480 77 456 291 219 388 335 109 138 416 336 489 320 312 97 341 437 311 103 335 354 386 493 190 87 306 490 457 249 425 107 108 206 186 408 374 268 373 438 333 183 466 245 179 388 332 211 293 119 79 270 255 113 452 425 321 387 419 342 106 438 112 59 172 395 248 373 458 482 278 400 499 286 202 249 174 78 315 144 442 453 210 96 334 380 444 346 173 132 319 175 294 411 277 228 386 489 338 180 63 383 470 257 99 281 57 399 300 380 122 458 83 464 254 214 280 495 193 355 188 109 263 131 275 57 100 442 280 203 95 449 105 153 450 86 362 436 311 111 54 491 134 161 254 187 140 172 413 172 
259 241 221 238 216 383 185 70 179 361 0 347 354 188 186 257 453 208 228 299 419 262 172 356 309 223 420 156 428 107 96 261 427 178 418 72 182 162 170 392 118 68 163 335 147 401 132 78 490 350 126 313 327 216 191 462 322 403 176 356 343 115 180 81 229 345 301 67 155 431 57 318 389 487 307 251 110 489 469 462 94 52 265 213 283 158 393 426 229 156 176 455 333 452 244 324 428 284 186 186 245 428 351 328 207 265 422 156 315 53 351 381 301 190 401 421 188 339 248 66 421 229 181 199 241 374 147 454 305 236 361 268 103 328 346 466 352 144 250 216 171 173 462 80 275 117 166 274 216 406 387 102 475 377 197 296 58 252 295 430 130 387 210 255 304 235 130 450 182 367 343 290 171 347 479 296 494 488 130 72 405 306 437 396 139 429 222 373 498 61 456 131 343 425 258 70 306 386 217 204 205 308 231 180 349 454 425 87 90 188 80 218 288 201 286 403 313 122 417 116 461 318 455 497 205 153 129 351 207 254 401 227 443 108 172 157 272 424 134 70 251 222 371 444 242 468 166 149 268 331 324 136 184 244 54 224 127 141 257 83 256 222 287 157 396 270 137 269 394 198 152 454 164 439 416 419 222 269 489 401 343 326 341 452 338 174 215 378 242 418 421 73 154 359 276 373 181 467 91 54 
289 436 194 246 93 72 361 130 105 308 347 0 339 310 444 311 240 161 370 187 256 124 404 68 153 364 231 410 261 271 289 325 92 451 349 481 103 298 213 457 406 249 351 446 419 63 457 289 496 169 94 326 397 427 134 438 352 136 336 225 192 351 316 292 453 481 183 208 322 55 93 450 492 267 57 172 329 290 116 227 267 354 217 434 393 232 346 381 256 348 182 297 454 403 129 183 309 491 163 166 282 334 247 112 484 461 129 494 327 183 67 451 358 123 390 384 448 169 287 147 116 427 348 478 368 114 103 157 168 289 152 217 331 276 208 321 70 190 152 412 345 291 414 219 79 217 483 231 69 303 303 142 494 238 159 474 395 443 197 250 396 485 391 321 406 254 271 318 314 272 211 377 275 431 438 380 484 300 127 456 442 417 357 321 90 448 177 374 470 148 236 244 399 411 357 495 487 280 483 403 335 244 323 365 379 141 225 349 149 186 442 448 55 301 409 184 324 279 239 327 119 161 243 166 341 282 274 488 310 250 386 340 460 240 269 164 62 276 468 232 458 412 226 314 424 243 121 373 431 85 72 211 424 481 107 120 491 137 131 310 267 67 456 135 59 425 416 273 486 181 254 131 400 68 210 51 121 292 168 461 281 329 231 330 178 497 201 124 195 449 134 315 342 252 220 75 157 372 159 188 
488 275 143 327 280 187 55 482 103 200 354 339 0 317 227 320 186 417 371 269 135 83 252 72 194 471 126 415 127 261 194 334 371 211 312 111 312 322 60 139 84 107 472 282 115 68 297 55 152 460 447 386 451 397 156 274 211 427 279 203 108 415 51 146 392 314 480 379 111 419 132 371 498 163 393 421 121 210 490 129 426 255 186 359 304 487 312 99 167 154 247 54 200 67 218 257 448 166 449 223 194 71 496 410 124 226 126 156 189 253 167 167 466 225 335 105 61 213 387 60 114 132 324 483 151 315 460 299 273 167 294 210 210 88 464 346 330 119 92 385 144 180 472 422 281 465 298 475 452 272 199 356 447 390 400 235 151 394 154 119 230 109 262 326 169 156 360 116 456 200 308 483 341 279 125 419 223 498 264 100 485 198 453 132 393 100 211 339 103 298 222 396 210 109 317 468 243 148 206 324 434 255 102 349 66 413 162 393 169 302 58 99 432 322 324 101 54 112 439 341 437 493 301 141 365 490 312 236 316 78 376 441 87 276 200 158 361 139 253 466 179 262 290 68 70 346 488 208 80 460 338 350 65 321 97 301 291 66 468 244 100 354 170 71 236 461 435 119 217 301 344 239 489 69 145 452 279 277 379 412 197 74 318 223 186 414 325 401 214 226 77 236 84 52 385 179 330 68 154 226 
314 249 345 222 291 216 127 202 165 141 188 310 317 0 294 128 376 167 496 431 299 90 450 319 150 208 291 385 436 51 254 56 440 460 346 450 432 55 213 247 317 152 459 417 133 412 190 280 202 497 305 455 434 82 59 343 130 215 399 203 273 165 284 294 225 225 458 492 383 123 219 118 111 248 326 395 213 293 83 235 423 308 64 481 421 494 249 492 268 337 277 481 294 303 252 245 51 420 245 389 133 330 86 212 339 79 474 474 70 417 285 447 360 207 302 457 95 62 452 445 234 193 339 115 353 437 331 470 461 483 451 64 73 158 474 88 236 408 123 319 462 459 377 440 387 428 138 361 241 405 302 85 261 379 329 446 65 68 365 269 106 462 82 487 279 211 78 369 135 479 151 486 316 195 471 192 255 382 428 115 62 253 379 330 248 301 459 259 85 472 325 462 493 482 334 122 145 290 171 135 236 146 108 82 455 355 232 95 403 92 90 483 490 112 116 219 492 261 353 130 257 323 306 158 338 216 93 117 177 460 149 351 402 240 221 451 238 420 182 101 114 231 229 379 54 136 52 394 260 188 104 372 233 439 360 312 310 396 68 418 363 147 101 436 448 241 204 306 470 296 153 330 341 75 459 91 405 454 239 400 364 173 482 467 374 181 95 455 375 400 209 183 212 185 119 427 301 153 164 430 
263 202 102 428 171 198 447 195 106 472 186 444 227 294 0 306 53 228 204 370 198 151 216 466 441 320 425 138 125 160 119 458 489 180 468 93 246 321 416 236 231 362 210 476 152 258 326 339 307 214 396 160 255 307 261 487 357 64 351 137 459 472 256 260 499 228 219 421 405 376 256 245 306 55 327 67 440 112 428 232 456 98 118 175 281 283 159 199 164 226 391 80 315 411 171 370 480 496 158 79 484 372 221 200 380 53 160 84 201 94 251 199 77 303 64 66 109 218 383 238 146 266 103 277 496 453 155 155 390 451 252 232 75 463 127 358 443 187 159 163 342 347 268 193 245 320 89 57 357 318 50 117 164 469 292 262 337 207 212 273 91 470 362 162 126 420 442 467 185 302 214 268 345 312 458 146 140 185 145 211 299 169 404 268 391 359 305 307 162 499 338 175 332 452 409 465 119 380 73 132 469 212 398 119 476 279 102 177 278 438 241 302 280 290 267 453 292 206 204 398 466 182 324 401 414 307 329 57 75 261 255 333 342 110 145 460 190 487 72 178 180 113 118 274 77 249 56 370 216 495 227 238 194 147 242 364 240 446 116 478 266 97 53 473 189 324 297 442 460 390 418 353 251 344 311 313 88 381 101 193 131 211 141 223 180 497 405 154 268 394 312 360 314 323 327 346 215 131 443 73 
303 482 50 340 380 358 255 352 408 418 257 311 320 128 306 0 404 90 464 453 130 433 226 68 301 131 195 185 306 66 419 447 286 103 338 391 459 59 244 289 322 125 129 302 233 296 283 76 288 427 244 179 144 133 372 343 229 137 447 486 172 409 123 445 289 437 196 78 129 375 56 452 196 333 104 212 190 127 248 415 390 226 390 131 201 322 456 186 372 109 343 96 178 205 204 247 378 204 383 97 411 407 434 439 427 107 435 395 248 197 369 144 416 257 111 203 461 256 439 93 280 353 414 245 364 267 266 104 383 216 126 54 63 98 163 285 177 146 135 255 251 187 73 341 442 111 450 80 370 446 464 292 156 78 489 437 92 411 374 118 94 191 115 82 405 360 329 204 243 253 214 381 147 130 270 93 136 448 230 428 254 241 107 165 246 93 346 175 468 355 115 81 161 301 457 312 197 210 147 140 319 362 120 457 111 496 81 99 394 132 476 391 257 123 390 382 470 314 80 388 284 339 436 497 336 233 310 134 189 449 318 177 183 168 310 409 91 309 316 136 396 247 443 422 299 315 138 481 54 92 65 368 76 54 252 167 332 416 461 202 372 433 203 332 227 229 297 240 142 298 449 160 101 80 320 354 444 370 109 101 66 214 462 300 153 447 411 285 433 63 50 226 228 118 485 315 477 377 235 401 
369 344 412 69 299 468 317 258 243 161 453 240 186 376 53 404 0 99 149 268 173 485 136 241 244 156 499 384 265 63 227 494 93 227 339 99 491 453 97 494 92 332 392 327 496 247 121 69 437 63 136 332 431 97 372 462 50 456 274 370 375 197 175 229 264 262 307 250 60 376 57 259 145 368 363 475 225 165 206 467 189 361 209 484 61 300 220 77 397 465 150 89 337 335 151 333 175 204 341 63 277 322 229 343 183 101 257 63 494 404 237 489 120 268 313 458 333 492 104 287 133 441 280 268 274 281 105 416 367 220 338 179 231 409 201 141 221 208 158 456 85 195 209 332 486 104 463 83 75 403 454 76 69 255 147 209 406 413 76 162 397 414 182 267 458 304 60 190 351 245 55 165 206 244 121 391 307 128 411 425 263 130 235 261 110 493 161 168 314 496 189 61 431 219 357 50 119 452 183 154 375 441 289 455 244 113 389 478 279 378 145 393 413 262 216 422 242 457 147 415 458 176 87 227 181 154 474 80 276 75 96 181 90 230 206 269 379 142 86 436 114 175 373 300 223 83 70 374 75 367 199 367 124 367 152 235 336 265 88 224 327 480 68 84 273 172 284 118 356 141 335 306 131 335 437 469 351 62 251 130 283 305 320 194 377 59 368 58 316 420 213 402 139 235 496 443 428 399 210 360 
70 243 180 56 465 464 330 158 258 74 208 161 417 167 228 90 99 0 310 202 158 128 352 409 377 398 416 413 383 438 438 409 493 291 490 294 311 348 368 401 114 333 209 199 274 150 80 235 426 172 99 162 458 296 395 64 203 118 400 231 437 297 356 339 138 425 145 206 437 141 415 151 179 105 206 99 355 348 310 61 345 392 136 259 85 454 63 120 288 86 327 121 61 469 479 336 76 498 124 95 291 102 184 225 52 321 122 294 128 233 108 389 356 214 124 341 380 102 120 397 143 132 384 355 396 101 293 416 349 369 314 365 227 202 329 128 417 245 389 282 92 300 380 368 98 220 459 259 96 290 206 88 193 432 472 394 320 135 492 418 232 80 437 196 98 200 172 253 293 224 421 98 330 138 176 239 202 71 396 200 188 427 147 170 463 316 129 480 135 445 360 83 118 463 260 165 241 55 165 362 428 416 367 480 423 235 365 226 85 424 214 233 456 453 282 421 378 402 200 334 55 492 308 286 328 447 124 406 491 134 411 371 189 340 51 454 436 335 242 176 279 197 395 270 403 464 233 278 477 462 140 251 75 308 316 125 255 122 123 119 349 185 175 98 388 476 156 199 383 264 313 120 263 284 485 189 261 105 137 308 249 82 227 373 227 245 307 284 120 290 315 147 164 116 261 81 91 416 306 61 
400 132 72 461 320 413 215 495 70 60 228 370 371 496 204 464 149 310 0 178 216 83 137 166 91 499 174 273 53 478 61 173 246 341 83 237 375 395 309 264 373 169 234 274 50 444 308 58 265 295 359 336 116 210 314 89 198 209 193 409 91 124 121 309 145 499 399 226 445 478 83 70 69 385 173 497 401 73 120 320 372 64 101 136 166 485 419 240 74 349 97 497 178 59 493 271 383 427 435 149 73 103 182 190 224 340 474 347 270 371 109 144 64 472 270 114 425 109 74 413 394 190 172 446 120 176 93 247 455 252 194 262 68 175 112 133 289 223 71 216 481 174 363 230 292 409 318 129 204 94 469 445 204 469 416 352 242 176 181 99 273 331 128 192 244 218 173 225 255 253 307 191 327 455 414 420 132 68 425 63 352 235 195 212 439 71 370 454 239 221 278 263 205 323 313 446 319 218 109 60 199 70 356 296 71 482 55 230 426 204 484 106 69 94 436 414 116 369 103 198 325 402 84 318 422 282 456 364 244 375 293 212 247 487 284 417 245 477 326 283 223 174 97 306 259 432 470 357 59 395 214 439 250 249 93 414 363 215 259 416 76 128 94 237 367 226 320 90 472 56 275 55 255 347 498 201 299 343 123 293 159 480 479 419 487 287 242 92 89 241 115 108 473 109 124 261 412 249 238 267 
199 276 355 242 148 453 365 147 323 215 299 187 269 431 370 453 268 202 178 0 384 487 151 53 260 245 456 176 105 97 445 315 121 202 322 82 134 154 164 173 274 269 132 231 412 496 200 153 91 402 239 253 334 159 409 417 51 250 159 422 242 184 303 221 67 314 158 430 379 77 395 214 468 113 438 69 306 456 489 354 130 178 449 96 164 174 54 423 92 389 494 188 137 89 242 112 340 219 436 187 250 437 65 410 247 110 251 394 91 397 55 102 319 417 384 370 174 468 376 229 143 421 430 143 116 245 443 316 436 314 235 245 211 478 401 265 223 55 180 347 154 245 425 67 368 383 129 93 339 122 449 152 358 256 419 235 179 435 218 417 119 366 444 325 196 307 124 461 456 463 234 316 107 461 496 386 135 145 233 141 469 474 198 221 295 363 392 306 368 449 178 366 197 129 124 495 263 407 279 207 88 200 105 497 218 409 263 87 111 491 313 302 255 497 397 460 356 459 416 460 481 494 150 272 437 243 65 345 431 243 101 425 328 286 314 83 347 442 366 361 482 400 368 176 207 436 51 71 348 248 322 162 72 412 359 325 257 353 372 384 104 269 413 315 482 296 167 246 396 345 166 394 473 263 326 156 346 53 163 52 469 74 241 288 455 220 82 257 204 88 182 359 449 291 269 136 289 321 455 334 
460 307 127 459 453 476 240 423 124 204 419 256 135 299 198 130 173 158 216 384 0 234 401 379 396 397 277 113 426 284 302 196 128 359 239 469 65 162 62 179 397 248 183 199 328 293 441 60 329 409 154 180 169 180 71 359 188 464 302 242 338 201 464 418 272 487 367 348 403 305 334 492 81 370 286 154 147 228 493 113 288 189 299 119 483 408 305 435 406 242 341 128 235 491 103 286 443 472 197 83 58 256 63 234 459 157 53 421 164 99 259 286 148 124 87 96 490 448 287 328 159 357 248 376 398 133 387 77 218 182 276 301 284 317 61 152 465 55 263 454 105 125 309 68 231 407 106 304 95 223 248 177 249 417 212 149 367 299 221 290 174 220 215 436 84 317 267 392 69 427 431 66 60 96 418 63 180 456 464 274 466 249 242 135 471 397 58 198 495 52 130 202 332 168 368 359 256 272 400 336 242 164 243 290 360 111 145 190 393 263 373 99 149 329 392 242 67 68 314 119 398 442 258 376 71 428 238 468 326 424 166 273 130 330 169 389 353 492 301 135 136 312 114 438 263 407 273 345 255 188 411 193 134 413 285 72 470 380 150 87 347 137 280 100 490 64 236 110 361 237 170 334 126 107 385 99 248 371 183 98 350 408 152 448 374 363 82 446 248 142 396 207 452 351 337 457 94 62 271 130 
217 93 377 64 140 216 151 239 394 486 262 124 83 90 151 433 485 128 83 487 234 0 299 398 474 166 172 277 153 188 293 422 144 376 303 117 252 116 374 205 437 266 307 203 257 364 484 266 262 200 344 238 61 407 267 111 176 417 441 496 414 167 401 368 370 226 454 236 351 162 130 212 435 129 242 262 347 121 120 327 222 373 460 80 282 88 410 135 231 102 128 143 320 239 130 282 234 332 454 365 436 148 413 363 367 289 86 455 401 414 67 232 377 318 457 240 270 267 346 363 277 191 149 339 289 305 301 461 337 308 128 287 490 189 453 244 356 264 277 156 496 253 291 404 446 261 313 370 302 431 434 116 354 178 382 147 422 443 305 223 128 92 57 426 432 415 303 471 437 179 293 243 473 420 429 124 343 138 397 112 219 247 257 444 243 452 356 291 301 177 396 492 272 436 476 457 228 114 426 71 347 237 370 64 391 81 446 72 135 166 197 278 444 178 51 478 416 50 112 339 93 113 213 110 200 287 335 325 390 471 220 286 103 189 152 301 237 174 394 484 333 357 248 479 268 212 384 338 475 336 330 293 344 93 256 337 274 268 117 495 419 482 315 358 407 313 205 358 52 387 118 131 168 347 206 67 260 353 309 397 218 134 481 57 301 429 330 71 191 301 82 351 277 137 358 439 356 147 422 440 
118 352 470 309 88 132 391 374 250 416 172 404 252 450 216 226 136 352 137 151 401 299 0 417 383 493 286 476 215 299 140 408 218 219 294 163 174 405 84 477 394 150 302 201 456 85 158 255 456 283 307 253 490 333 456 71 382 77 223 377 244 138 230 96 423 335 72 312 458 290 131 437 357 102 152 413 422 488 479 330 400 71 428 96 67 493 447 252 311 390 135 212 120 398 268 308 188 276 448 231 487 283 228 93 359 497 460 93 497 446 465 88 65 127 475 438 446 458 427 135 344 105 80 206 296 266 353 104 436 330 344 272 414 73 376 105 58 281 268 244 361 266 298 177 410 296 256 137 291 405 214 346 196 159 256 173 129 64 133 287 195 304 92 93 195 119 492 456 407 251 233 476 230 449 153 285 496 310 376 468 318 173 68 390 134 107 58 219 412 227 394 250 443 265 487 458 243 92 284 170 53 399 373 240 372 98 365 407 271 75 351 171 432 453 412 244 376 418 210 488 105 405 121 141 263 84 132 374 485 269 70 175 453 75 232 93 362 146 449 317 119 208 327 482 338 249 313 108 345 426 180 434 260 117 176 420 276 96 144 319 323 99 368 111 429 314 434 100 357 128 283 423 329 147 139 62 281 314 269 208 433 334 479 367 96 263 149 297 69 400 101 366 476 373 301 172 143 449 146 82 
50 126 91 397 313 371 336 312 390 234 356 68 72 319 466 68 241 409 166 53 379 398 417 0 98 148 158 272 395 70 197 323 52 234 415 66 168 248 406 497 98 68 225 426 197 347 76 425 165 317 205 490 418 459 443 262 136 406 144 430 212 313 111 266 452 474 317 437 259 214 497 491 55 94 60 447 465 437 120 81 190 197 405 118 310 125 99 156 74 407 415 412 428 218 322 136 50 488 112 261 468 106 424 311 456 145 263 130 401 286 465 255 252 314 328 324 67 169 277 102 438 193 132 271 407 211 441 323 318 303 365 109 325 271 91 303 273 222 174 140 57 438 111 98 248 267 449 60 373 174 87 172 446 259 286 59 107 258 126 128 234 114 403 301 400 62 145 463 320 211 350 158 444 196 359 332 486 194 216 360 52 78 370 164 176 168 266 66 122 145 317 303 168 84 487 417 389 166 187 479 186 169 113 474 141 75 356 263 498 322 171 332 200 337 218 305 445 469 145 499 208 420 289 304 246 297 377 279 457 193 315 134 481 157 87 474 328 331 485 154 390 391 191 184 176 412 452 469 473 82 112 87 226 311 64 219 268 275 314 358 382 271 191 87 224 121 473 72 200 307 325 82 106 70 433 161 340 116 393 138 344 265 469 380 260 93 329 114 76 76 123 183 495 65 62 197 276 178 446 241 
120 114 160 255 432 415 218 270 87 414 309 153 194 150 441 301 244 377 91 260 396 474 383 98 0 342 196 57 127 399 365 326 493 463 103 260 443 62 331 440 286 414 230 292 73 439 389 470 350 150 247 298 228 136 280 65 394 266 429 365 56 376 485 88 263 258 173 398 427 322 121 334 131 413 427 97 239 65 139 197 217 482 375 196 491 255 121 247 331 281 241 443 120 144 61 82 221 492 403 318 238 264 404 488 145 496 320 337 269 64 193 278 247 128 436 489 112 351 315 429 161 421 300 406 130 497 423 110 195 217 398 143 464 102 399 297 253 238 242 231 331 388 188 429 82 277 51 56 381 314 493 104 418 495 239 216 79 99 372 169 255 390 78 375 483 52 396 90 89 54 431 402 407 135 133 314 426 55 460 244 235 441 457 434 366 459 165 50 385 442 473 290 385 309 289 135 56 372 159 308 347 214 376 419 451 324 290 248 94 82 194 79 140 336 262 446 249 166 132 139 460 275 235 288 114 198 392 276 354 380 401 280 366 195 368 234 437 95 192 245 393 182 464 355 170 177 212 466 386 350 221 274 182 232 112 176 115 217 305 147 191 214 121 347 98 436 71 214 475 266 72 150 378 241 58 83 414 349 90 483 192 417 129 96 100 129 118 365 74 388 94 51 361 422 125 67 387 210 118 375 
327 426 89 172 102 324 96 149 223 462 223 364 471 208 320 131 156 398 499 245 397 166 493 148 342 0 209 179 80 215 274 296 96 330 470 142 324 407 290 175 64 156 450 400 170 320 226 165 392 229 181 399 396 55 339 105 232 429 152 470 365 343 330 367 392 68 200 217 85 159 335 156 320 375 241 404 178 206 216 129 451 350 476 490 470 410 479 329 223 322 133 166 54 145 429 318 315 187 139 252 181 77 451 239 143 153 310 146 88 394 50 380 142 134 118 171 464 487 389 406 261 426 429 387 150 466 211 407 207 124 434 236 229 121 350 424 76 348 382 116 203 479 322 329 202 91 399 175 460 325 469 372 159 237 210 131 258 268 238 261 93 235 456 497 245 411 299 374 226 157 221 197 410 301 130 352 111 297 203 175 489 412 156 290 152 209 206 124 95 305 194 394 298 480 71 302 194 80 338 60 300 227 251 236 176 346 398 283 136 436 171 180 84 206 95 453 404 362 367 441 230 308 275 489 94 184 412 236 238 306 368 384 223 116 484 169 188 77 473 307 190 289 87 366 323 269 424 159 312 405 485 61 281 207 496 417 154 119 159 152 409 459 311 309 380 340 160 103 141 302 175 229 236 147 105 183 433 419 318 411 473 65 145 298 429 174 399 282 264 296 162 360 398 440 316 257 228 163 440 477 
371 87 443 257 120 99 446 189 352 362 420 231 126 291 425 195 499 416 174 456 277 172 286 158 196 209 0 316 431 416 184 306 277 371 69 69 419 246 434 350 494 65 149 298 185 411 87 360 355 361 328 62 396 278 163 424 125 474 425 371 69 248 340 229 261 338 467 149 146 375 333 460 153 208 122 224 259 99 290 297 246 310 213 120 267 432 54 374 253 336 477 93 272 265 428 253 303 83 474 184 279 286 487 366 151 66 434 261 257 191 360 195 459 283 284 229 314 407 236 306 255 263 222 405 105 418 127 376 63 178 374 106 240 294 71 134 399 82 183 322 446 376 228 55 453 50 166 190 363 358 159 308 271 447 458 291 131 51 442 110 393 327 240 73 259 478 324 282 447 198 266 93 173 107 458 248 468 394 301 395 142 371 66 264 448 296 175 226 450 77 223 437 312 428 141 60 467 399 414 471 302 183 389 268 208 323 154 202 468 85 387 444 269 218 96 428 78 63 162 422 84 437 466 217 358 170 226 108 165 119 99 401 467 493 50 413 76 255 486 455 53 259 121 77 445 497 282 483 100 121 466 417 210 62 345 230 91 251 271 274 273 243 52 431 471 267 215 406 149 374 182 316 56 361 177 410 276 142 301 479 145 256 315 425 67 389 110 116 473 53 129 395 433 284 474 144 92 107 87 143 
151 77 230 122 447 407 496 364 55 249 156 410 415 385 138 185 384 413 273 176 113 277 476 272 57 179 316 0 480 165 175 105 117 217 339 463 249 118 465 486 179 194 123 278 397 394 87 413 331 474 373 246 360 247 359 343 481 397 264 82 50 497 321 169 466 183 212 486 342 268 311 412 240 283 257 418 52 413 261 207 470 129 286 303 157 96 421 436 280 236 387 89 328 66 157 289 305 143 350 457 137 353 156 281 494 120 116 446 387 74 379 100 470 98 345 382 198 172 391 113 329 444 176 296 184 492 106 414 238 375 141 243 83 445 377 212 91 371 262 83 190 385 430 488 473 446 313 53 463 404 230 206 200 271 466 312 166 413 93 491 274 241 130 218 306 497 153 73 289 343 368 458 52 397 273 334 440 407 128 330 238 238 301 479 301 344 138 210 128 149 156 462 362 115 220 118 153 184 210 138 118 223 325 468 71 106 411 274 309 184 65 406 365 395 262 324 452 334 91 206 335 480 486 61 312 232 324 226 364 167 408 430 266 107 238 417 390 419 317 408 207 250 494 185 296 292 456 274 246 472 170 160 69 186 368 368 321 201 205 353 250 174 389 317 298 74 62 339 90 239 395 463 404 165 406 283 139 171 155 247 281 237 274 279 457 179 139 208 77 351 209 367 347 225 157 141 248 191 334 161 
368 262 265 369 277 171 114 92 150 399 428 261 127 436 125 306 265 383 53 105 426 153 215 395 127 80 431 480 0 432 253 295 85 299 318 330 347 214 162 196 91 463 313 68 160 246 207 469 438 318 161 246 296 106 173 495 304 283 436 445 183 302 421 317 308 243 73 101 210 76 173 327 476 283 173 449 409 341 314 187 296 85 208 169 223 189 96 365 176 86 239 445 150 364 437 206 274 142 282 216 135 479 305 423 51 335 244 428 401 128 361 479 340 379 118 394 422 82 494 67 205 479 135 140 339 459 164 265 420 136 152 496 398 261 76 447 294 158 55 214 325 132 244 59 294 498 224 284 246 391 407 205 321 347 433 121 282 368 392 483 459 118 408 53 85 450 299 212 405 318 124 335 161 205 339 273 393 400 376 422 151 233 130 250 183 216 428 321 243 259 58 163 448 391 228 119 77 132 382 277 217 316 239 370 499 221 352 264 151 82 348 71 177 179 474 338 328 120 114 128 359 80 455 341 341 281 311 323 150 215 289 355 273 65 441 175 328 362 259 175 407 116 331 328 199 409 273 84 490 379 395 436 316 165 163 382 350 339 174 447 358 483 56 170 277 131 325 127 313 300 394 400 301 380 152 438 169 229 393 425 93 458 175 168 242 342 81 322 133 137 405 264 182 210 152 479 395 143 436 147 
277 495 356 163 349 420 456 333 366 255 107 271 261 51 160 66 63 438 478 97 284 188 299 70 399 215 416 165 432 0 242 337 53 217 137 58 398 454 280 356 431 201 417 199 68 294 120 217 79 483 410 269 423 295 201 324 467 441 186 114 108 90 68 450 134 332 80 183 362 489 178 304 468 465 263 280 87 123 350 120 258 200 250 355 418 431 67 249 257 360 357 496 418 395 207 83 476 279 113 415 428 184 209 396 105 221 347 70 391 400 387 155 132 447 459 225 308 413 368 55 486 165 317 499 86 363 197 482 382 123 278 348 331 438 418 403 426 143 64 76 449 356 403 161 101 163 65 140 306 127 294 168 372 446 67 213 221 193 72 242 208 420 389 95 389 325 320 60 461 247 303 175 391 261 208 472 67 371 287 144 468 167 424 207 230 316 363 450 264 430 354 130 219 204 204 203 399 244 375 295 456 380 260 109 483 318 468 287 333 453 235 308 414 410 193 405 324 237 308 455 120 366 425 62 100 390 154 224 458 163 182 285 244 183 254 96 390 423 381 197 333 155 476 483 471 258 349 434 131 213 172 397 112 251 237 165 302 170 407 65 181 472 79 111 217 110 463 219 74 198 207 354 64 447 84 425 322 192 289 419 348 247 288 392 209 64 320 244 206 327 292 231 179 190 364 475 106 407 269 135 
223 66 260 468 385 451 485 419 496 113 96 289 194 254 119 419 227 438 61 445 302 293 140 197 365 274 184 175 253 242 0 293 222 415 124 306 484 318 469 311 73 186 476 206 272 248 370 307 368 103 81 426 325 433 143 118 398 153 290 93 109 105 76 432 449 211 196 443 234 444 229 71 427 387 442 123 424 181 486 112 452 314 428 360 342 167 117 284 392 489 210 236 184 59 297 192 256 433 51 182 246 274 476 143 199 485 405 496 345 365 471 376 343 137 211 107 293 207 276 343 346 88 76 256 229 264 487 488 257 50 173 322 326 294 490 184 380 83 163 83 359 440 403 101 422 85 452 177 479 72 181 269 60 195 490 157 61 110 459 454 436 135 490 147 369 489 157 283 67 434 143 98 140 448 73 193 276 272 352 472 101 297 331 140 177 473 437 398 482 370 103 435 476 90 291 173 152 345 180 424 427 59 219 447 272 458 371 148 257 373 190 114 331 383 77 260 386 64 226 415 300 498 369 348 169 149 111 300 360 364 153 249 78 357 155 179 402 495 260 56 90 281 306 153 180 397 361 423 238 493 63 301 209 183 485 252 71 231 214 474 291 175 484 236 160 281 430 60 185 243 216 111 302 471 152 410 258 273 320 363 457 271 166 434 253 375 410 310 315 102 472 312 71 181 391 193 164 312 66 288 
170 499 412 338 463 350 391 214 255 394 261 325 334 56 458 447 494 409 173 315 196 422 408 323 326 296 306 105 295 337 293 0 426 411 306 447 377 145 326 89 112 141 450 73 429 275 201 219 148 481 386 121 177 446 320 135 387 464 408 94 497 325 94 157 184 291 53 247 457 377 223 361 126 202 164 382 203 355 271 441 403 314 56 338 305 361 371 463 219 280 460 186 284 249 204 294 344 203 324 282 414 83 262 444 244 382 53 162 463 82 385 155 235 483 247 238 83 229 223 220 135 355 450 340 459 223 355 139 493 71 392 400 288 126 347 457 426 429 263 266 147 77 212 422 88 178 329 402 154 334 359 128 279 376 437 404 294 106 118 476 421 111 382 277 141 88 354 497 428 341 155 192 298 127 249 395 451 70 279 138 201 211 376 392 347 366 432 140 354 269 385 465 495 424 82 202 179 192 90 226 458 448 307 211 467 374 229 310 136 138 432 346 300 484 289 296 445 270 476 451 79 256 179 309 223 461 496 90 427 276 395 428 316 108 142 429 148 496 100 375 412 410 461 408 464 207 413 446 435 286 480 438 363 330 88 61 302 213 129 387 355 87 156 471 294 361 384 290 490 444 189 81 173 471 69 397 115 428 460 199 303 496 99 262 77 373 384 449 322 289 417 181 72 416 441 148 358 165 359 55 
86 208 150 372 124 85 228 464 108 299 427 92 371 440 489 286 93 493 246 121 128 144 218 52 493 96 277 117 85 53 222 426 0 325 488 356 325 113 420 178 244 222 330 118 451 439 424 83 393 361 124 195 162 324 307 452 216 172 315 146 479 107 189 239 454 438 284 364 89 348 496 232 332 173 404 57 412 121 124 215 55 420 188 467 176 61 351 273 146 450 76 246 487 418 62 217 106 340 243 287 193 69 247 488 334 168 148 206 272 105 51 446 67 436 464 443 433 191 390 433 414 250 134 480 362 121 332 316 257 209 366 291 262 273 353 329 320 100 139 453 145 279 126 123 63 88 208 378 463 344 433 231 454 336 178 474 390 414 351 348 171 326 474 185 264 202 318 235 273 334 116 85 406 165 278 219 369 464 338 373 57 271 292 347 431 141 454 72 55 83 171 241 460 219 457 364 347 487 428 188 174 190 95 404 345 431 72 431 242 60 84 215 416 134 400 346 304 143 292 235 413 124 468 400 93 335 396 87 103 166 360 116 328 118 157 145 206 233 390 365 452 458 92 438 56 178 90 154 477 106 76 338 121 389 285 204 367 449 152 99 81 283 290 349 419 218 371 225 170 201 320 230 493 156 174 441 251 283 216 303 450 307 377 424 393 486 187 490 327 437 309 338 316 492 400 146 211 370 176 425 
133 474 86 263 331 351 203 455 376 496 178 451 211 460 180 103 227 291 341 202 359 376 219 234 463 330 371 217 299 217 415 411 325 0 116 352 272 345 400 215 359 352 122 196 470 155 299 405 178 215 342 438 97 194 455 305 134 369 300 256 146 499 94 384 476 81 163 387 163 291 367 199 258 83 300 388 236 267 93 397 277 175 117 92 256 295 338 362 410 372 124 153 79 494 369 99 350 109 245 450 466 205 121 144 268 302 177 309 234 229 214 143 250 393 495 478 74 459 413 124 194 215 278 89 108 240 108 356 318 402 146 192 497 396 225 496 128 179 392 120 276 243 151 366 490 437 340 129 252 440 314 338 235 342 215 147 350 307 101 111 411 186 228 135 263 436 197 51 81 492 72 153 163 424 108 262 336 419 362 324 261 441 62 467 432 71 293 89 499 71 461 478 97 259 359 190 412 175 480 210 298 484 189 92 140 68 68 78 245 62 287 385 498 292 355 329 165 82 459 94 487 94 55 305 205 166 249 236 195 240 310 476 186 273 322 78 154 345 239 495 438 168 255 133 334 269 112 465 300 135 171 223 443 358 229 60 64 84 96 319 79 352 460 421 267 75 53 216 432 174 402 218 454 450 444 211 231 358 281 214 278 248 443 380 445 230 466 283 485 329 226 128 278 313 494 257 174 81 274 87 
